2 0.937683 0.660136 0.207804 0 0.361476 0.272882 0.90325 0.505448 0.730356 0.572679
2 0.825842 0.560689 0.695195 0.636197 0.678317 0.659608 0.591136 0.429435 0.463627 0.319936
2 0.505783 0.837084 0.255293 0.496106 0.612064 0.206311 0.494862 0.657048 0.421585 0.855404
2 0.562303 0.406481 0.778235 0.491888 0.403852 0.719896 0.897356 0.610737 0.860042 0.810744
2 0.363059 0.636054 0.370779 0.417513 0.235024 0.738355 0.283005 0.319918 0.311952 0.624059
2 0.449894 0.550475 0.525824 0.0896246 0.40352 0.638053 0.945776 1 0.355294 0.42876
2 0.385411 0.580368 0.373497 0.597904 0.862468 0.270303 1 0.496781 0.466649 0.666704
2 0.40452 0.561487 0.328926 0.360389 0.00265622 0.249202 0.336842 0.429511 0.534706 0.317804
2 0.546028 0.458552 0.529809 0.442305 0.103215 0.25195 0.808802 0.243371 0.294203 0.295657
1 0.666607 0.0786119 0.513171 0.60613 0.433801 0.482847 0.469465 0.733352 0.231307 0.479525
2 0.752685 0.939259 0.266365 0.126699 0.777339 0.803365 0.682042 0.364452 0.591552 0.575135
2 0.701483 0.61748 0.0456752 0.310462 0.287473 0.357892 0.294858 0.162853 0.463123 0.577575
1 0.51765 0.667866 0.467186 0.536333 0.581021 0.529872 0.495982 0.327685 0.530984 0.544023
2 0.485562 0.74698 0.36219 0.660768 0.272888 0.260843 0.578798 0.382895 0.622893 0.730727
2 0.388326 0.634967 0.692528 0.465482 0.373604 0.467218 0.130047 0.845547 0.176273 0.991056
1 0.529472 0.455075 0.517987 0.667045 0.505411 0.61239 0.8089 0.671707 0.568532 0.808559
2 0.173089 0.56991 0.759181 0.429567 0.266892 0.381387 0.551843 0.445756 0.719426 0.812534
2 0.924154 0.706734 0.816298 0.588151 0.440075 0.255531 0.287578 0.361835 0.477642 0.759858
2 0.310084 0.782106 0.235055 0.353136 0.246444 0.453734 0.724321 0.277082 0.518271 0.556808
2 0.477116 0.842578 0.753169 0.268512 0.4274 0.373356 0.547332 0.337687 0.669281 0.333933
1 0.403372 0.6719 0.479318 0.868101 0.440705 0.492333 0.274944 0.501029 0.689441 0.444788
2 0.516415 0.596763 0.483407 0.620654 0.230647 0.239328 0.202568 0.428926 0.415195 0.641922
1 0.489193 0.462565 0.377056 0.480894 0.538089 0.426677 0.693044 0.499361 0.658352 0.288288
2 0.372271 0.49801 0.47862 0.552654 0.368064 0.798955 0.605291 0.454371 0.67192 0.917315
2 0.557608 0.501939 0.618637 0.650997 0.365008 0.362474 0.40734 0.388573 0.561215 0.482237
1 0.356761 0.543898 0.419388 0.455569 0.524269 0.681574 0.637744 0.19068 0.37662 0.432078
2 0.429907 0.643953 0.309341 0.453838 0.438745 0.587691 0.845668 0.603384 0.846129 0.255983
1 0.333604 0.734701 0.36512 0.670688 0.431018 0.502124 0.43439 0.184231 0.465518 0.653624
2 0.418716 0.915793 0.376851 0.626143 0.830179 0.684152 0.678694 0.576494 0.631411 0.747723
2 0.234566 0 0.909116 0.54455 0.0970311 0.180631 0.738894 0.498594 0.538263 0.892936
1 0.697319 0.782013 0.427417 0.976899 0.425374 0.334988 0.430124 0.301747 0.703398 0.595467
2 0.702484 0.61244 0.662923 0.714815 0.740284 0.335723 0.622963 0.445124 0.479208 0.615558
2 0.4207 0.263785 0.543341 0.519353 0.123534 0.169857 0.447229 0.375361 0.711799 0.181655
2 0.31793 0.887824 0.603741 0.722612 0.408325 0.292421 0 0.511541 0.402479 0.614857
1 0.543821 0.334533 0.592757 0.633577 0.426806 0.610611 0.68138 0.223859 0.666671 0.482681
2 0.466488 0.645557 0.215005 0.660344 0.567774 0.682071 0.492659 0.120175 0.583536 0.599288
2 0.960916 0.633624 0.515549 0.181359 0.385936 0 0.708137 0.392265 0.454101 0.812024
2 0.522568 0.524931 0.582698 0.0389466 0.676769 0.278948 0.524934 0.749947 0.569117 0.378292
2 0.552589 0.609611 0.709104 0.685714 0.32449 0.273733 0.502652 0.219475 0.763177 0.224379
2 0.699447 0.976812 0.80003 0.533364 0.471659 0.662018 0.685068 0.199409 0.678145 0.240335
2 0.508822 0.762334 0.37357 0.820311 0.10192 0.364454 0.751223 0.103459 0.215097 0.612968
2 0.207215 0.879395 0.806069 0.115429 0.561614 0.516693 0.683874 0.420295 0.617845 0.357813
2 0.188608 0.679488 0.539408 0.063326 0.156975 0.520712 0.816672 0.464582 0.618194 0.971506
2 0.480138 0.607998 0.6344 0.682424 0.323556 0.623017 0.818133 0 0.671473 0.670151
2 0.27641 0.674078 0.320975 0.298305 0.820825 0.598627 0.377123 0.51885 0.102731 0.527149
2 0.771282 0.559893 0.40906 0.471247 0.248504 0.363817 0.877597 0.42839 0.229471 0.466924
1 0.352925 0.683054 0.633677 0.425343 0.491116 0.578876 0.435593 0.692647 0 0.711306
2 0.211345 0.689383 0.377975 0.387145 0.110524 0.53492 0.42028 0.861626 0.320695 0.222971
1 0.594541 0.885539 0.465059 0.330643 0.471115 0.0610298 0.693409 0.457013 0.0983198 0.90622
2 0.246627 0.46668 0.342067 0.485862 0.736689 0.643138 0.619303 0.590393 0.166422 0.476097
2 0.490472 0.545518 0.573854 0.491404 0.182204 0.448578 0.842365 0.692324 1 0.812486
1 0.291478 0.683444 0.56762 0.293395 0.461739 0.372067 0.601187 0.491948 0.243132 0.676486
1 0.451905 0.725891 0.626799 0.761663 0.438126 0.553758 0.44746 0.450922 0.389527 0.53077
1 0.679992 0.642993 0.496852 0.497207 0.488767 0.237235 0.606689 0.319087 0.482774 0.358601
2 0.644759 0.547592 0.416158 0.620921 0.268531 0.30755 0.106157 0.534225 0.71559 0.607092
2 0.430739 0.697212 0.394355 0.89208 0.399504 0.386927 0.579463 0.571488 0.489037 0.611097
2 0.635751 0.761711 0.57424 0.342156 0.641373 0.351449 0.807344 0.524428 0.260927 0.65358
2 0.151524 0.738059 0.492831 0.385929 0.307655 0.457636 0.527851 0.525936 0.782016 0.107002
2 0.601668 0.575988 0.353316 0.190381 0.535866 0.637672 0.899848 0.493184 0.554321 0.527559
2 0.63753 0.297564 0.256867 0.589672 0.458652 0.507138 0.117231 0.35303 0.578105 0.378771
2 0.351214 0.397611 0.478722 0.461009 0.3185 0.649197 0.850446 0.617432 0.414514 0.412357
2 0.541058 0.410413 0.68509 0.913504 0.462937 0.649339 0.521112 0.228321 0.295829 0.578464
2 0.738827 0.95378 0.453194 0.299833 0.23121 0.428197 0.27925 0.194802 0.732217 0.50182
2 0.525599 0.655287 0.278604 0.431762 0.580798 0.406315 0.606994 0.388088 0.441929 0.784362
2 0.547747 0.586328 0.351264 0.571741 0.299823 0.375584 0.59861 0.478898 0.327085 0.409367
1 0.566174 0.593557 0.423637 0.836542 0.473294 0.54843 0.648375 0.318239 0.818524 0.608996
1 0.150597 0.684177 0.642537 0.55941 0.453992 0.21152 0.799185 0.308331 0.365144 0.4721
2 0.455682 0.821836 0.290525 0.704917 0.46517 0.256635 0.820394 0.468718 0.362361 0.66348
2 0.574132 0.248529 0.232899 0.534905 0.295208 0.231028 0.63924 0.60419 0.494553 0.30002
1 0.274688 0.834698 0.557155 0.281199 0.445566 0.501753 0.572687 0.615862 0.475853 0.645028
2 0.526953 0.704099 0.338486 0.121782 0.704071 0.400776 0.630472 0.259227 0.616807 0.580885
2 0.78605 0.202682 0.519155 0.138062 0.298664 0.532283 0.0937291 0.423911 0.537486 0.629842
2 0.196855 0.624168 0.631382 0.691631 0.570428 0.548487 0.546458 0.371757 0.170625 0.374932
2 0.524475 0.966449 0.753695 0.429023 0.54888 1 0.442143 0.740518 0.244545 0.330199
2 0.732361 0.514613 0.517461 1 0 0.468498 0.742871 0.57502 0.297271 0.206831
2 0.778787 0.534561 0.552144 0.837776 0.509815 0.272895 0.114414 0.673381 0.66616 0
2 0.409711 1 0.584222 0.805929 0.334299 0.613248 0.543557 0.614657 0.636213 0.55945
2 0.593536 0.308092 0.368021 0.836458 0.595265 0.587799 0.419858 0.20231 0.865564 0.491537
1 0.304652 0.740536 0.621535 0.885466 0.45839 0.605577 0.540714 0.508277 0.527909 0.474826
2 0.305151 0.558517 0.397215 0.183406 0.597623 0.571874 0.853565 0.62848 0.907398 0.316237
2 0.410965 0.355555 0.147829 0.437592 0.314886 0.367037 0.743776 0.162802 0.624428 0.246891
1 0.378797 0.397558 0.510489 0.277649 0.546677 0.422754 0.516402 0.251541 0.670418 0.417428
2 0.0711915 0.638456 0.612965 0.463777 0.149748 0.632445 0.26387 0.528304 0.417999 0.566358
2 0.961426 0.861378 1 0.577661 0.558637 0.394558 0.571375 0.077638 0.527191 0.668746
1 0.784885 0.640322 0.417604 0.724035 0.414395 0.440377 0.741995 0.553908 0.582848 0.564747
1 0.386865 0.840697 0.598326 0.701011 0.482129 0.622326 0.328301 0.613748 0.629711 0.739193
2 0.208769 0.534568 0.303315 0.563933 0.0706184 0.22369 0.67913 0.11024 0.42525 0.889561
1 0.582389 0.516576 0.63156 0.308136 0.51878 0.644391 0.447009 0.417235 0.572841 0.523813
1 0 0.697025 0.431147 0.883861 0.528783 0.159592 0.543964 0.630826 0.160978 0.358667
2 0.463223 0.464411 0.771048 0.521391 0.348821 0.626256 0.497123 0.392374 0.488891 0.624328
2 0.220967 0.228482 0.698732 0.506867 0.267861 0.577584 0.786391 0.316749 0.158376 0.239519
2 0.541179 0.68534 0.257284 0.722892 0.577714 0.301105 0.550951 0.339055 0.53464 0.798784
2 0.407955 0.789258 0 0.795274 0.175828 0.359683 0.824438 0.390816 0.288536 1
2 0.196319 0.624035 0.240853 0.746686 0.677718 0.265456 0.484246 0.126196 0.177855 0.373973
1 0.457544 0.565944 0.496311 0.680218 0.466248 0.567003 0.550624 0.507477 0.580675 0.627594
2 1 0.585142 0.429726 0.509542 0.358811 0.759039 0.742349 0.514053 0.363884 0.326949
2 0.165784 0.543366 0.485281 0.454327 1 0.732692 0.958468 0.422213 0.735116 0.400506
1 0.775307 0.43641 0.342222 0.421684 0.434972 0.359623 0.650276 0.201869 0.245898 0.447866
2 0.501959 0.9417 0.305099 0.677368 0.128526 0.320238 0.475049 0.570401 0.559796 0.570989
2 0.652192 0.437544 0.681761 0.285457 0.466798 0.121039 0.498159 0.694378 0.479535 0.995215
