0 1 0 0.271174 0.2 0 0.0141511
1 0 1 0.472229 0.2 0 0.139136
1 1 1 0.321438 0 0 0.0154686
1 0 1 0.434531 0.2 0 0.103644
0 1 0 0.434531 0 0 0.0157126
0 0 0 0.673285 0 0 0.101229
0 1 0 0.0198542 0.6 0.166667 0.0411357
1 1 1 0.334004 0 0.333333 0.0217308
1 0.5 1 0.170646 0.2 0 0.0586943
1 1 1 0.0449862 0.2 0.166667 0.0325962
1 0 1 0.723549 0 0 0.0518221
0 1 0 0.246042 0 0 0.0157126
0 1 0 0.484795 0.2 0.833333 0.0610447
0 1 1 0.170646 0 0 0.0153304
1 0.5 1 0.685851 0 0 0.0312299
0 1 0 0.0198542 0.8 0.166667 0.0568482
0 1 1 0.384267 0.2 0 0.0351337
0 0.5 0 0.434531 0 0 0.0507486
1 0.5 0 0.421965 0 0 0.0253743
1 1 1 0.183212 0 0 0.015672
1 0 0 0.346569 0 0 0.0692914
0 1 1 0.0952501 0.6 0.166667 0.0411357
1 1 1 0.472229 0.2 0.833333 0.0612643
0 0 0 0.233476 0.6 0.333333 0.513342
0 0 0 0.497361 0 0 0.0541074
0 0.5 0 0.824076 0 0 0.0204946
0 0 0 0.346569 0.2 0 0.160387
0 0 0 0.522493 0.2 0 0.101497
0 1 0 0.258608 0 0 0.0157126
0 1 1 0.22091 0.4 0 0.0351337
1 1 1 0.170646 0.2 0 0.0219423
0 1 1 0.497361 0.2 0 0.018494
0 0.5 1 0.334004 0.2 0 0.0409893
1 0.5 1 0.0324202 0.2 0.333333 0.0811572
1 1 1 0.233476 0 0 0.0153792
0 1 1 0.22091 0.2 0 0.0347433
0 1 0 0.0826841 0.8 0.166667 0.0774648
0 1 0 0.258608 0 0 0.0152246
1 0 1 0.610455 0.2 0 0.149765
1 0.5 1 0.359135 0.2 0 0.0507486
0 0 0 0.81151 0 0.166667 0.120975
1 0.5 1 0.258608 0 0 0.0204946
0 1 0 0.352852 0 0 0.0141105
1 0.5 1 0.0575521 0.2 0.333333 0.0541644
0 1 0 0.132948 1 0.333333 0.0915427
0 1 0 0.271174 0 0 0.0141105
1 0 1 0.472229 0 0 0.15615
0 0 0 0.560191 0.2 0 0.162932
0 1 0 0.0449862 0.6 0.333333 0.0544572
1 0.5 1 0.359135 0 0 0.0204946
0 1 0 0.233476 0 0 0.0159239
1 1 1 0.208344 0.8 0.333333 0.0154686
0 1 0 0.321438 0.4 0 0.0169081
0 0.5 0 0.396833 0 0 0.0204946
0 1 1 0.195778 1 0.333333 0.0915427
0 0.5 0 0.258608 0 0 0.143462
0 1 0 0.321438 0.2 0 0.0282127
1 1 0 0.396833 0 0 0.110272
0 1 0 0.308872 0 0 0.0149318
1 0.5 0 0.00515205 0 0.333333 0.0566042
1 1 1 0.371701 0 0 0.0243496
0 1 0 0.271174 0 0 0.0175668
1 1 0 0.359135 0 0 0.0185428
0 0 0 0.346569 0 0 0.0919331
1 0.5 1 0.208344 0 0 0.0204946
1 1 1 0.409399 0.6 0 0.0309371
0 1 0 0.195778 0.2 0.5 0.0670955
1 0 1 0.28374 0.6 0.333333 0.513342
0 1 0 0.296306 0 0 0.0157126
0 1 0 0.359135 0 0 0.0157126
0 1 0 0.246042 0 0 0.0153304
0 0 0 0.572757 0.2 0 0.119406
0 1 0 0.321438 0.2 0.333333 0.0401597
0 1 0 0.736115 0 0 0.0141511
0 0 0 0.886906 0 0 0.0676405
1 0 0 0.28374 0 0.166667 0.123667
1 0.5 1 0.421965 0 0.166667 0.044893
0 0.5 0 0.421965 0.2 0 0.0507486
0 1 1 0.346569 0 0 0.0154116
0 0 0 0.258608 0 0.166667 0.150855
0 1 0 0.409399 0 0 0.0168919
0 1 0 0.459663 0.4 0 0.0154686
0 1 0 0.346569 0 0 0.0154116
1 1 1 0.258608 0 0 0.0149318
0 1 0 0.472229 0 0 0.0154116
0 0 0 0.585323 0 0 0.101497
0 1 1 0.176929 0.2 0 0.0282127
0 1 0 0.271174 0 0 0.0157126
0 1 1 0.246042 0.2 0 0.0191771
0 1 1 0.208344 0 0 0.0282207
0 1 0 0.258608 0 0 0.0154686
0 1 0 0.880623 0 0 0.015127
0 0.5 0 0.359135 0.2 0 0.0409893
0 0 0 0.296306 0 0.166667 0.483128
0 1 1 0.0198542 0.8 0.333333 0.0610447
0 0.5 0 0.258608 0.4 0 0.143462
0 0.5 0 0.403116 0.2 0 0.0586943
1 0.5 1 0.403116 0 0 0.0253743
0 0 0 0.673285 0 0.166667 0.150855
1 1 0 0.145514 0.2 0 0.0219423
1 1 0 0.296306 0 0 0.0139397
0 1 0 0.560191 0 0 0.0136143
0 1 0 0.409399 0 0 0.0154116
0 1 0 0.246042 0 0 0.0137607
0 1 1 0.585323 0.2 0 0.0283021
1 0.5 1 0.359135 0.2 0 0.0507486
0 0.5 0 0.308872 0 0 0.0253743
0 0.5 0 0.28374 0 0 0.0293674
1 0 1 0.233476 0 0.333333 0.0513016
0 0 0 0.459663 0.2 0 0.103644
0 1 0 0.195778 0 0 0.0179898
0 0 0 0.296306 0 0 0.154588
1 1 1 0.271174 0 0 0.015127
1 1 1 0.296306 0.2 0 0.0309371
0 1 0 0.233476 0 0 0.0131751
0 0.5 0 0.22091 0 0 0.0224465
0 0.5 0 0.233476 0.2 0.166667 0.0717312
1 1 0 0.334004 0 0 0.0152164
0 1 1 0.107816 0.4 0.333333 0.0670955
0 0.5 0 0.45338 0 0.333333 0.0507486
0 0.5 0 0.522493 0 0 0.0253743
0 0.5 0 0.635587 0 0 0.0244472
1 0 1 0.271174 0.2 0 0.129995
0 1 0 0.692134 0 0 0.0157126
0 1 0 0.503644 0 0.333333 0.0283021
0 0 0 0.635587 0 0.166667 0.119804
1 1 1 0.195778 0 0 0.0150944
0 1 0 0.371701 0 0 0.0157126
0 1 0 0.547625 0 0.166667 0.0314251
1 0.5 1 0.497361 0 0 0.030742
0 1 0 0.321438 0 0 0.0151758
0 1 0 0.208344 0 0 0.0169081
0 1 0 0.00728826 0.8 0.166667 0.0774648
1 1 0 0.107816 0 0.333333 0.0400621
0 1 1 0.560191 0.2 0.666667 0.0544572
0 1 0 0.346569 0 0 0.110272
0 0 0 0.761247 0 0 0.0653876
0 1 0 0.0449862 0.8 0.166667 0.0568482
1 1 1 0.00728826 0.2 0.166667 0.0217308
0 1 0 0.258608 0 0 0.0154686
0 0 0 0.698417 0 0 0.0599142
0 1 0 0.22091 0.2 0.166667 0.0153304
0 0 1 0.623021 0 0 0.0560431
0 0.5 0 0.371701 0 0 0.0253743
0 1 0 0.447097 0 0 0
0 1 0 0.107816 0.8 0.333333 0.0612643
1 0.5 0 0.00728826 0.4 0.166667 0.0761229
1 1 1 0.0449862 0 0.333333 0.0429899
1 0 0 0.560191 0 0 0.0518221
0 1 0 0.497361 0.2 0.166667 0.030254
0 1 0 0.447097 0 0 0.0154116
1 0.5 1 0.396833 0 0 0.0253743
0 0.5 0 0.233476 0 0 0.0253743
1 1 1 0.233476 0.2 0 0.0153304
1 0.5 0 0.0324202 0.2 0.166667 0.0507486
1 0 1 0.547625 0 0 0.0541074
1 0 1 0.723549 0 0 0.28599
0 1 0 0.522493 0 0.166667 0.0164039
0 0.5 1 0.296306 0 0 0.0253743
0 1 0 0.346569 0 0 0.0185428
0 1 0 0.421965 0 0 0.012679
0 1 0 0.566474 0 0 0.0141023
1 1 0 0.22091 0 0 0.0157126
0 1 1 0.0198542 0 0.166667 0.0204214
0 1 0 0.396833 0.2 0 0.0309371
1 1 0 0.321438 0 0 0.0366708
1 1 1 0.195778 0 0 0.015127
1 0 0 0.497361 0 0 0.060508
0 1 0 0.296306 0 0 0.0137607
1 0.5 1 0.434531 0 0 0.0409893
0 1 0 0.271174 0 0 0.0141511
0 0.5 0 0.371701 0 0 0.0253743
1 0 1 0.384267 0.2 0 0.221098
1 1 1 0.334004 0 0 0.0154686
0 0.5 0 0.522493 0.2 0 0.0527005
1 0 1 0.396833 0 0 0.148911
0 0.5 0 0.371701 0 0 0.0204946
1 1 0 0.195778 0 0 0.0157126
0 0.5 0 0.334004 0 0 0.0253743
0 1 0 0.635587 0 0 0.0157126
1 0 0 0.472229 0.2 0 0.175668
0 1 0 0.271174 0 0 0.01825
1 0.5 0 0.233476 0 0 0.0204946
0 1 0 0.252325 0 0 0.0141511
0 0.5 0 0.22091 0 0 0.0253743
1 0 1 0.434531 0.2 0 0.162932
0 1 0 0.359135 0 0 0.0151758
0 0.5 0 0.736115 0 0 0.0263502
1 1 1 0.0575521 0.8 0.333333 0.0612643
0 0.5 0 0.296306 0 0 0.0204946
0 0.5 0 0.547625 0.2 0 0.0507486
1 0.5 1 0.0952501 0 0.333333 0.0512366
0 0.5 0 0.233476 0 0 0.0204946
0 0.5 0 0.409399 0 0 0.0239592
0 0.5 0 0.359135 0 0 0.0204946
0 1 0 0.271174 0 0 0.0139071
0 1 0 0.371701 0 0 0.0141023
0 0 0 0.547625 0.4 0 0.175668
0 1 1 0.308872 0 0 0.0151758
1 0.5 1 0.296306 0 0.333333 0.0283021
1 0 0 0.459663 0.2 0.166667 0.102579
0 0.5 0 0.673285 0.2 0 0.0507486
0 1 1 0.359135 0.2 0.166667 0.0204214
0 0 0 0.773813 0 0 0.0518221
0 1 0 0.371701 0.2 0 0.0314251
0 1 1 0.509927 0 0.333333 0.0394522
1 1 1 0.359135 0 0.333333 0.0297578
1 0 1 0.371701 0 0 0.168837
1 0 1 0.434531 0 0 1
1 0.5 1 0.623021 0 0.166667 0.0507486
1 1 0 0.0324202 0.8 0.333333 0.0612643
0 0 0 0.648153 0.2 0.166667 0.155466
0 0 0 0.497361 0 0 0
0 0.5 0 0.447097 0 0 0.0204946
0 1 0 0.195778 0.8 0.166667 0.0774648
1 1 0 0.308872 0.2 0 0.0151758
1 0 1 0.723549 0 0.166667 0.299539
1 0 1 0.434531 0 0 0.264739
1 1 0 0.308872 0 0 0
1 0.5 1 0.509927 0 0.166667 0.0380615
0 0 0 0.459663 0 0.166667 0.0579705
1 0 1 0.786378 0.2 0 0.152164
0 1 1 0.560191 0 0 0.015127
0 1 0 0.0826841 0.8 0.166667 0.0568482
1 1 1 0.434531 0.2 0.166667 0.0395254
0 1 0 0.81151 0 0 0.015127
0 1 0 0.346569 0 0 0.0153304
0 1 0 0.195778 0 0 0.0185428
1 1 0 0.233476 0 0 0.0157126
0 1 0 0.409399 0 0 0.0169081
1 1 0 0.371701 0 0 0.0185428
0 1 0 0.271174 0 0 0.0154116
1 0.5 0 0.522493 0 0 0.0253743
1 1 1 0.271174 0 0 0.015127
1 0 1 0.321438 0 0 0.153905
1 0 1 0.233476 0.2 0 0.177775
0 0.5 0 0.447097 0 0 0.0251303
0 1 1 0.296306 0 0 0.017274
0 1 0 0.296306 0 0 0.0154116
0 1 0 0.290023 0 0 0.0141105
0 0 1 0.0198542 0.2 0.333333 0.295806
1 0 1 0.623021 0 0.166667 0.483128
0 1 0 0.233476 0 0 0
1 0 0 0.00628299 0.2 0.333333 0.295806
1 0 1 0.208344 0.2 0 0.212559
0 0.5 0 0.371701 0.2 0 0.0468449
1 0 1 0.371701 0 0 0.111118
1 0 1 0.296306 0 0 0.162314
1 0 1 0.22091 0.4 0.333333 0.512122
0 0.5 1 0.321438 0.2 0.166667 0.0507486
0 1 0 0.346569 0 0 0.0154116
0 0.5 0 0.535059 0.2 0.166667 0.0512366
1 1 1 0.321438 0 0 0.0153304
1 0.5 1 0.296306 0.2 0 0.0507486
0 0.5 0 0.673285 0 0 0.0273262
1 0 1 0.384267 0 0.333333 0.321798
1 0 1 0.497361 0.2 0.166667 0.262527
0 1 0 0.271174 0 0 0.0141511
0 1 0 0.334004 0 0 0.0154116
1 0.5 1 0.371701 0 0 0.0241056
1 0.5 1 0.271174 0.2 0.166667 0.0566042
1 0 1 0.447097 0 0 0.264739
0 1 0 0.761247 0 0 0.0121748
1 0.5 1 0.447097 0 0 0.0253743
1 1 1 0.384267 0.2 0.166667 0.0400621
1 0 1 0.195778 0 0.166667 0.113168
0 0 0 0.566474 0 0 0.0556283
0 0 0 0.472229 0 0.166667 0.299539
0 1 0 0.195778 0.4 0 0.0351337
0 0 0 0.359135 0.2 0 0.129995
1 0 1 0.509927 0 0 0.262527
1 1 0 0.560191 0 0 0.0157126
0 0 0 0.560191 0 0 0.0692914
1 0.5 0 0.0198542 0.2 0.166667 0.0507486
1 0 1 0.296306 0.6 0.333333 0.513342
0 0.5 0 0.346569 0 0 0.0253743
0 0.5 0 0.308872 0 0 0.0253743
0 0.5 0 0.447097 0 0 0.0253743
1 0.5 1 0.296306 0 0 0.0253743
1 0.5 1 0.497361 0 0 0.0253743
1 1 0 0.0324202 0.2 0.166667 0.0310347
0 1 0 0.522493 0 0 0.0169081
0 1 0 0.28374 0 0 0.018006
0 1 0 0.183212 0.2 0.166667 0.0141105
0 1 0 0.308872 0.2 0 0.0347433
0 1 0 0.346569 0 0 0.0185428
1 0 1 0.271174 0 0.166667 0.107353
0 0.5 1 0.472229 0 0 0.0253743
0 1 0 0.497361 0.2 0.666667 0.0544572
0 0.5 0 0.359135 0.2 0 0.0541074
0 1 1 0.560191 0 0.166667 0.0282127
0 1 0 0.434531 0 0 0.0137607
0 1 0 0.371701 0 0 0.0141511
1 0 1 0.748681 0.2 0 0.146878
1 0 1 0.296306 0 0 0.135265
1 0 0 0.308872 0.2 0 0.108215
0 1 0 0.22091 0.2 0 0.012679
0 1 0 0.233476 0 0 0.0157126
0 0 0 0.271174 0 0 0.264739
0 1 1 0.0324202 0.6 0.166667 0.0411357
1 1 1 0.271174 0 0 0.0141511
0 0 0 0.334004 0 0.333333 0.412821
0 1 0 0.246042 0 0 0.00783188
0 1 0 0.233476 0 0 0.0151758
1 0 1 0.522493 0 0 0.444099
1 1 1 0.00728826 0 0.333333 0.0307258
0 1 0 0.396833 0 0 0.0154686
1 0 1 0.434531 0.2 0 0.101497
0 0.5 0 0.22091 0 0 0.143462
0 1 0 0.00728826 1 0.333333 0.0915427
1 0.5 1 0.447097 0 0 0.0253743
1 0.5 1 0.208344 0 0 0.0234224
1 0 0 0.447097 0.2 0.333333 0.234224
1 1 0 0.258608 0 0 0.0152164
0 1 0 0.346569 0.4 0 0.0154686
1 0 1 0.28374 0.2 0 0.221098
1 1 1 0.296306 0 0.333333 0.0325962
0 1 0 0.271174 0 0 0.0152164
0 1 1 0.384267 0 0 0.0153304
0 0.5 0 0.572757 0 0 0.0507486
0 0.5 0 0.28374 0 0 0.0204946
1 0.5 1 0.346569 0 0 0.0246912
1 1 0 0.484795 0 0 0.0154686
0 1 0 0.321438 0 0 0.0157126
0 1 1 0.258608 0.2 0 0.0191771
0 1 0 0.346569 0.2 0 0.0309371
0 1 1 0.246042 0 0 0.0169081
0 0.5 0 0.421965 0.2 0 0.0409893
0 1 0 0.635587 0 0 0.015127
1 0.5 0 0.0324202 0.2 0.166667 0.0365976
0 1 0 0.258608 0 0 0.0151758
1 0 1 0.409399 0.2 0 0.175668
1 1 0 0.547625 0 0 0.0154686
1 0.5 1 0.421965 0.2 0.166667 0.0634358
1 0.5 1 0.22091 0 0.333333 0.0253743
0 0.5 0 0.371701 0 0 0.0253743
0 1 1 0.120382 0 0.333333 0.0471377
0 1 0 0.258608 0 0 0.0150944
0 1 0 0.359135 0 0 0.015371
0 1 1 0.346569 0.2 0.166667 0.0281069
0 1 0 0.22091 0.2 0.166667 0.0394522
1 0.5 1 0.346569 0.2 0 0.0507486
1 0.5 1 0.233476 0 0 0.0507486
1 1 0 0.396833 0 0 0.0157126
1 0 0 0.346569 0 0 0.0518221
1 0.5 1 0.522493 0.2 0 0.0507486
0 1 0 0.208344 0 0 0.0139071
0 0 0 0.623021 0.2 0 0.10911
1 0 1 0.170646 0.2 0.333333 0.234224
0 1 1 0.258608 0.4 0.333333 0.0670955
1 0.5 1 0.296306 0.4 0.5 0.0365976
0 0 0 0.798944 0.2 0.666667 0.513342
0 0.5 0 0.384267 0 0 0.0204946
1 0.5 1 0.560191 0.2 0.166667 0.0512366
0 1 0 0.246042 0 0 0.0185428
0 1 0 0.308872 0.2 0 0.0151758
1 0.5 1 0.346569 0 0 0.0253743
1 0 0 0.0449862 0 0.333333 0.159777
1 0.5 1 0.15808 0 0.166667 0.0380615
1 0 0 0.421965 0 0 0.0518221
1 1 1 0.0575521 0.4 0.166667 0.0375897
1 0 0 0.648153 0 0 0.059532
0 0.5 0 0.447097 0.2 0.333333 0.0541644
0 0 0 0.371701 0 0 0.0541644
1 0 0 0.610455 0.2 0 0.17392
1 1 0 0.359135 0 0 0.0154116
0 0 0 0.81151 0 0 0.0518221
1 0.5 1 0.623021 0 0 0.0204946
1 0 0 0.597889 0 0 0.0518221
0 1 0 0.421965 0 0 0.0157126
0 0 0 0.585323 0 0 0.075147
0 0.5 0 0.597889 0 0 0.0253743
0 1 0 0.472229 0 0 0.0137607
0 0 0 0.698417 0 0 0.0518221
1 1 1 0.00414677 0.4 0.166667 0.0375897
0 1 0 0.472229 0 0 0.0169081
1 0.5 1 0.409399 0.2 0.333333 0.0541644
1 0.5 1 0.28374 0 0 0.0269196
0 1 1 0.271174 0 0 0.0192015
0 0.5 0 0.421965 0.2 0 0.0409893
0 1 0 0.359135 0.2 0 0.0137525
0 1 0 0.271174 0 0 0.0146796
1 1 1 0.0198542 0 0.166667 0.0239836
0 1 0 0.107816 1 0.333333 0.0915427
0 1 0 0.623021 0 0 0.0157126
1 1 1 0.786378 0 0 0.0187136
1 0 0 0.308872 0.2 0 0.177775
1 0 1 0.434531 0.2 0 0.175668
0 0 0 0.723549 0 0 0.0579705
0 1 0 0.371701 0 0 0.0157126
1 1 0 0.107816 0.2 0.166667 0.0310347
0 1 0 0.258608 0 0 0.0141511
0 0 0 0.685851 0 0 0.059532
0 0 0 0.886906 0 0 0.0966258
0 1 0 0.258608 0 0 0.0157126
1 0 1 0.673285 0.2 0 0.152766
0 0 1 0.308872 0.2 0.333333 0.295806
0 1 0 0.296306 0 0 0.0152164
0 1 0 0.208344 0 0 0.0169081
0 1 1 0.258608 0 0 0.015127
0 1 1 0.459663 0 0 0.0187136
1 0 1 0.195778 0 0 0.168837
0 0 0 0.22091 0.2 0 0.212559
1 0.5 1 0.409399 0 0.333333 0.0507486
0 1 0 0.346569 0 0 0.0439659
1 1 0 0.321438 0 0 0.110272
1 1 0 0.359135 0 0 0.015127
1 0 0 0.447097 0 0 0.0513098
1 0 1 0.673285 0.2 0 0.115941
0 1 0 0.296306 0 0 0.0146308
0 0 0 0.585323 0 0 0.0664042
1 0.5 1 0.421965 0 0 0.0204946
1 0.5 1 0.447097 0.2 0 0.0507486
0 1 0 0.396833 0 0 0.0154116
1 0 1 0.371701 0 0 0.1825
0 1 0 0.271174 0 0 0.0154116
1 0 1 0.547625 0 0.166667 0.113168
0 1 0 0.503644 0 0 0.015127
1 0.5 1 0.623021 0 0 0.0204946
0 1 0 0.484795 0 0 0.0154686
0 0.5 0 0.28374 0.4 0.166667 0.0224465
1 0.5 1 0.0198542 0.2 0.166667 0.0507486
0 1 0 0.208344 0.2 0.166667 0.0141105
0 1 1 0.371701 0 0 0.0169081
1 0.5 1 0.0826841 0 0.333333 0.0512366
0 0 0 0.560191 0 0 0.0518221
1 0 1 0.371701 0 0 0.207728
1 0 1 0.271174 0 0.333333 0.0966176
1 0 1 0.447097 0 0.333333 0.138583
0 1 1 0.107816 0.8 0.333333 0.0610447
0 1 1 0.132948 0.8 0.333333 0.0610447
1 0.5 0 0.396833 0.2 0 0.0507486
0 0 0 0.623021 0.2 0 0.207728
0 0 0 0.798944 0 0 0.0507486
1 0.5 1 0.233476 0.2 0 0.0507486
0 1 0 0.409399 0.2 0.166667 0.0400621
1 0.5 0 0.0952501 0.2 0.166667 0.0717312
1 0 0 0.208344 0 0.333333 0.21643
0 0.5 0 0.334004 0 0 0.0507486
1 1 0 0.271174 0 0 0.0141023
1 1 1 0.271174 0 0 0.0151758
0 0 0 0.773813 0 0 0.0518221
1 0 1 0.597889 0.2 0 0.0772941
1 0 1 0.484795 0.2 0.166667 0.155466
1 1 1 0.447097 0.2 0 0.0339625
0 1 0 0.497361 0 0 0.0154116
0 0.5 0 0.346569 0 0 0.0263502
0 1 0 0.296306 0.4 0 0.0471377
0 1 0 0.233476 0 0 0.0154116
0 1 1 0.359135 0 0.666667 0.0411357
1 1 0 0.396833 0 0 0.0153304
1 0.5 0 0.773813 0 0 0.0204946
1 0 1 0.660719 0.4 0 0.100481
1 0 0 0.447097 0 0 0.051505
0 1 0 0.195778 0 0 0.0157126
0 1 0 0.233476 0 0 0.0283021
1 0.5 1 0.421965 0 0 0.0253743
1 0 1 0.484795 0.2 0 0.10911
1 1 0 0.396833 0 0 0.0154686
1 0.5 1 0.308872 0.2 0.166667 0.0585561
1 0 1 0.484795 0.2 0.166667 0.21643
0 0.5 0 0.673285 0 0 0.0507486
0 0 0 0.447097 0 0 0.0783188
1 0 1 0.22091 0 0.333333 0.155466
0 0.5 0 0.585323 0 0 0.0292781
1 0 0 0.748681 0.2 0.166667 0.154588
0 1 0 0.271174 0 0 0.0157126
0 1 0 0.434531 0 0 0.0139071
1 0 1 0.648153 0.2 0 0.152766
0 1 0 0.585323 0 0 0.0141511
0 0.5 0 0.459663 0.2 0 0.0507486
0 1 0 0.447097 0.2 0.166667 0.0471377
0 1 0 0.610455 0 0 0
1 0 0 0.610455 0.2 0 0.111118
1 0.5 1 0.296306 0.4 0.166667 0.0527005
0 1 0 0.547625 0 0 0.0157126
1 0 0 0.434531 0 0 0.0518221
0 1 0 0.447097 0.2 0 0.0303516
0 1 0 0.371701 0 0 0.0154116
1 0 0 0.334004 0 0 0.059532
1 0.5 1 0.271174 0.2 0.333333 0.0811572
1 0 1 0.497361 0 0 0.299539
0 1 1 0.484795 0.2 0.833333 0.0610447
0 1 0 0.434531 0 0 0.0157126
1 0.5 1 0.296306 0.2 0.333333 0.126872
0 1 0 0.421965 0.2 0.166667 0.0281069
0 1 1 0.321438 0.2 0 0.0314251
1 0.5 1 0.0449862 0.4 0.166667 0.0761229
0 0.5 0 0.321438 0 0 0.0204946
0 1 0 0.334004 0.2 0 0.0282127
1 0 0 0.522493 0.2 0 0.102579
1 1 0 0.246042 0.2 0.166667 0.0307258
0 1 0 0.258608 0 0 0.0153304
0 1 0 0.258608 0 0 0.0314251
0 0 0 0.761247 0 0 0.063086
0 0.5 0 0.710983 0 0 0.0241056
1 0 1 0.258608 0 0 0.152164
0 1 0 0.321438 0 0 0.0154116
1 0 0 1 0 0 0.0585561
0 1 0 0.635587 0 0 0.0137689
1 0 0 0.396833 0 0 0.059532
0 1 1 0.107816 0.6 0.333333 0.0544572
1 0.5 1 0.346569 0 0 0.0253743
0 1 0 0.396833 0 0 0.0154686
0 0.5 0 0.384267 0.2 0.166667 0.0512366
0 1 1 0.509927 0 0.833333 0.0774648
0 1 0 0.246042 0 0 0.0153304
1 0 1 0.296306 0 0 0.135265
0 1 1 0.0198542 0.6 0.333333 0.0544572
1 1 1 0.00414677 0.4 0.166667 0.0375897
1 0 0 0.597889 0.2 0 0.149765
0 1 0 0.233476 0 0 0.0154116
1 0 0 0.698417 0 0 0.0692914
1 1 1 0.28374 0 0 0.0147366
1 0.5 1 0.22091 0 0.166667 0.044893
0 1 0 0.258608 0 0 0.0164607
0 1 1 0.22091 0 0 0.0131751
0 0.5 0 0.296306 0.4 0 0.143462
0 1 1 0.396833 0.2 0.166667 0.030254
0 0.5 0 0.28374 0 0 0.0253743
0 0 0 0.723549 0 0.333333 0.221098
1 0 0 0.623021 0.4 0 0.260867
0 1 0 0.497361 0 0 0.0141023
0 0 0 0.585323 0 0 0.0499435
0 1 0 0.447097 0 0 0.0146308
1 1 0 0.246042 0.2 0 0.0154686
0 0.5 0 0.396833 0.4 0 0.143462
0 0.5 0 0.308872 0 0 0.0253743
0 1 0 0.535059 0 0 0.0157126
1 0.5 1 0.497361 0.2 0.166667 0.0761229
0 0 0 0.384267 0.2 0 0.101497
0 0.5 0 0.87434 0 0 0.0204946
1 0.5 0 0.384267 0 0 0.0253743
0 1 0 0.22091 0 0 0.0151758
0 1 0 0.302589 0 0 0.0157126
1 1 1 0.22091 0 0 0.0192097
0 1 1 0.535059 0.2 1 0.0915427
1 0 0 0.447097 0 0.166667 1
1 0 0 0.334004 0 0 0.149765
0 1 0 0.246042 0 0 0.018006
0 1 0 0.170646 1 0.333333 0.0915427
0 0.5 0 0.748681 0.2 0.166667 0.0761229
0 0.5 0 0.308872 0.2 0.333333 0.0811572
0 1 0 0.170646 0.8 0.166667 0.0774648
0 1 0 0.233476 0 0 0.0198521
0 1 0 0.22091 0 0 0.0152164
1 0 1 0.183212 0 0.166667 0.412503
1 0 0 0.384267 0.2 0 0.111257
1 1 1 0.0449862 0 0.166667 0.0261877
0 1 0 0.308872 0 0 0.0141023
0 0 0 0.748681 0 0 0.0518221
0 0.5 0 0.648153 0 0 0.0263502
0 1 0 0.547625 0 0 0.0157126
0 0 0 0.610455 0.2 0.166667 0.21643
0 1 0 0.522493 0 0 0.0149318
1 0 1 0.22091 0.2 0 0.444099
1 0 0 0.434531 0 0 0.0513098
0 1 1 0.22091 0 0.166667 0.0282127
0 1 0 0.308872 0 0 0.0151108
0 1 0 0.321438 0.2 0 0.0153304
0 0.5 0 0.484795 0 0 0.0507486
1 0.5 1 0.560191 0 0 0.0263502
1 0 0 0.522493 0 0 0.0513098
1 0 1 0.271174 0 0 0.295806
1 0 1 0.296306 0 0 0.0966258
1 0 0 0.597889 0.2 0 0.101497
0 1 0 0.359135 0 0 0.0185102
0 0.5 0 0.648153 0 0 0.0253743
0 1 0 0.233476 0 0 0.0149318
1 0 1 0.472229 0 0 0.444099
1 0.5 1 0.334004 0 0 0.0204946
0 1 0 0.409399 0 0 0.0151758
1 0.5 1 0.0701181 0 0.166667 0.0644117
0 1 0 0.208344 0.2 0 0.0137689
0 0.5 0 0.421965 0 0 0.0253743
0 0.5 0 0.623021 0 0 0.0253743
1 0 0 0.334004 0.2 0 0.103644
0 1 0 0.246042 0 0 0.0169081
1 0.5 1 0.371701 0.6 0 0.0409893
0 0.5 0 0.308872 0.2 0 0.0507486
0 1 1 0.308872 0.2 0 0.0154686
1 0 1 0.359135 0 0 0.412503
0 1 0 0.132948 0 0 0.0366708
0 0.5 0 0.28374 0 0 0.0253743
0 0.5 0 0.28374 0 0 0.0253743
0 1 0 0.352852 0 0 0.0314251
0 1 1 0.597889 0.2 0.5 0.0670955
1 0 0 0.434531 0 0 1
0 0 0 0.447097 0.2 0 0.153905
1 0 1 0.258608 0.4 0.333333 0.512122
0 1 0 0.296306 0.2 0 0.0314251
1 1 0 0.384267 0 0 0.0154686
0 0 0 0.87434 0.2 0.166667 0.138583
0 1 0 0.195778 0.2 0.166667 0.0395254
1 0.5 1 0.371701 0 0 0.0253743
0 0 0 0.233476 0.2 0 0.103644
0 1 0 0.384267 0 0 0.015127
1 0.5 1 0.0449862 0.2 0.166667 0.044893
1 1 0 0.0701181 0 0.166667 0.0243496
0 1 0 0.409399 0 0 0.0185428
0 1 0 0.28374 0 0 0.0154116
1 0.5 1 0.597889 0.2 0.333333 0.126872
1 0.5 0 0.00314149 0.2 0.166667 0.0283021
0 1 0 0.346569 0 0 0.0152164
0 0.5 0 0.22091 0 0 0.0224465
0 1 0 0.421965 0 0 0.0157126
1 0 1 0.409399 0 0 0.168837
0 1 0 0.509927 0 0 0.0139071
1 1 0 0.246042 0 0 0.0141105
1 0 1 0.447097 0.2 0.333333 0.234224
0 1 0 0.195778 0 0 0.0151758
1 0 1 0.635587 0.2 0 0.152164
0 1 1 0.377984 0 0 0.015127
0 1 0 0.396833 0 0 0.0163225
0 1 0 0.296306 0 0 0.0185428
0 1 0 0.597889 0 0 0.0153304
0 0.5 1 0.710983 0 0 0.0204946
1 0.5 1 0.673285 0.2 0.5 0.044893
0 1 0 0.22091 0 0 0.015127
1 1 1 0.0575521 0 0 0.0243496
1 0 1 0.535059 0 0.166667 0.412503
1 1 1 0.15808 0 0 0.0141105
1 0 1 0.208344 0.2 0 0.111257
0 0 0 0.359135 0 0 0.0585561
0 1 0 0.308872 0 0 0.0137607
0 1 0 0.308872 0 0 0.0141511
1 1 1 0.22091 0 0 0.0146308
0 1 0 0.0952501 0.8 0.166667 0.0568482
1 1 0 0.00728826 0.2 0.333333 0.0401597
0 0 0 0.572757 0 0 0.154588
0 0.5 0 0.195778 0 0 0.0507486
0 1 0 0.308872 0 0 0.0154116
0 0.5 0 0.484795 0 0 0.0253743
1 0 1 0.610455 0 0 0.0506104
1 1 1 0.384267 0 0 0.0169487
0 1 0 0.371701 0 0 0.0141105
0 1 1 0.371701 0.2 0.166667 0.0471377
0 0.5 0 0.421965 0 0 0.0253743
1 0.5 1 0.384267 0.2 0.166667 0.0512366
1 0 0 0.132948 0.2 0.333333 0.234224
1 1 0 0 0 0.166667 0.0166235
1 1 0 0.334004 0 0 0.0136143
0 1 0 0.384267 0 0 0.0151758
0 0 0 0.484795 0 0 0
0 1 1 0.22091 0 0 0.0151758
0 0.5 0 0.484795 0 0 0.0253743
1 0 1 0.409399 0.2 0 0.103644
0 1 0 0.321438 0 0 0.0153954
0 1 0 0.484795 0 0 0.0471377
0 0.5 0 0.434531 0 0 0.0204946
0 1 1 0.0701181 0.8 0.333333 0.0610447
0 1 0 0.377984 0 0 0.0157126
0 1 1 0.28374 0 0 0.0154686
0 0.5 0 0.384267 0.2 0.166667 0.0722274
0 1 0 0.535059 0 0 0.0125896
0 1 0 0.120382 0.6 0.333333 0.0544572
1 0 1 0.648153 0.2 0.166667 0.1825
1 1 0 0.334004 0 0 0.0169081
0 0 0 0.472229 0 0 0
1 1 1 0.334004 0 0.166667 0.0243496
0 1 0 0.0198542 0.8 0.166667 0.0774648
1 0.5 0 0.00728826 0 0.333333 0.0722274
1 0 1 0.773813 0 0 0.15615
1 1 1 0.183212 0.2 0 0.0282127
1 0.5 0 0.00515205 0.2 0.166667 0.0365976
0 1 0 0.28374 0 0 0.0153304
0 1 0 0.22091 0 0 0.0162005
1 0 1 0.484795 0.2 0.166667 0.162314
0 1 0 0.258608 0 0 0.0169081
1 1 0 0.396833 0 0 0.110272
0 1 0 0.246042 0 0 0.0154686
0 0.5 0 0.195778 0 0 0.0204946
1 0 1 0.371701 0 0 0.060508
0 1 0 0.428248 0 0 0.0125652
0 1 0 0.208344 0 0 0.0169081
0 1 0 0.522493 0 0 0.0147366
0 1 0 0.434531 0 0 0.0154116
0 0.5 0 0.346569 0 0.166667 0.0644117
0 1 0 0.0449862 0.8 0.333333 0.0610447
0 1 0 0.924604 0 0 0.0151758
0 1 1 0.107816 0.2 0.166667 0.0297578
1 0 1 0.195778 0 0.166667 0.0769037
0 0.5 1 0.547625 0.2 0 0.0507486
1 1 1 0.22091 0 0.166667 0.01825
1 0 1 0.560191 0.2 0.166667 0.321798
1 0 0 0.635587 0 0 0.0518221
1 1 1 0.296306 0 0.5 0.0375897
0 1 0 0.509927 0.4 0 0.0275376
0 0.5 0 0.258608 0.2 0 0.0224465
1 0 1 0.597889 0 0 0.0506104
0 0.5 0 0.296306 0 0 0.0253743
1 0.5 1 0.522493 0 0 0.0253743
1 0.5 1 0.334004 0.2 0 0.0270496
0 0 0 0.384267 0 0 0.0985612
1 1 0 0.0449862 0.2 0.166667 0.0217308
0 1 0 0.321438 0 0 0.0154116
1 0 1 0.585323 0.2 0.166667 0.102579
0 0 0 0.409399 0 0 0.00975935
0 1 0 0.585323 0 0 0.0175668
1 0.5 1 0.346569 0.2 0 0.0468449
1 1 1 0.183212 0 0 0.0141023
0 1 0 0.246042 0 0 0.0192177
0 1 0 0.233476 0 0 0.0154116
1 0 1 0.698417 0 0.166667 0.162314
1 0.5 1 0.308872 0 0.166667 0.0507486
0 1 0 0.409399 0 0 0.0154116
0 1 1 0.271174 0 0 0.0205272
0 0.5 0 0.346569 0 0 0.0204946
0 1 0 0.308872 0 0 0.0137607
0 1 1 0.484795 0 0.833333 0.0568482
0 0.5 0 0.334004 0 0 0.0253743
1 0 1 0.233476 0 0 0.0585561
1 0 0 0.321438 0 0 0.0585561
0 1 0 0.396833 0 0 0.015127
